290876
290877
290878
290880
290881
290882
290883
290884
290885
290886
290887
290888
290889
290890
290891
290892
290893
290894
290895
290896
290897
290898
290899
290900
290901
290902
290903
290904
290905
290906
290907
290908
290909
290910
290911
290912
290913
290915
290916
290917
290918
290919
290920
290921
290922
290923
290924
290925
290926
290927
290928
290929
290930
290931
290932
290933
290945
290956
290957
290958
290959
290960
290961
290962
290963
290964
290965
290966
290967
290968
290969
290970
290971
290972
290973
290974
290975
290976
290977
290978
290979
290980
290981
290982
290983
290984
290985
290986
290987
290988
290989
290991
290992
290993
291001
291002
291003
291004
291005
291006
291007
291008
291009
291010
291021
291044
291047
291048
295371
295372
295373
295374
295375
295376
295377
295378
295379
295380
295381
295382
295383
295384
295385
295386
295387
295388
295389
295390
295391
295392
295393
295394
295395
295396
295397
295398
295399
295400
295401
295402
295403
295404
295405
295406
295407
295408
295409
295410
295411
295412
295413
295414
295415
295416
295417
295424
295425
295426
295427
295428
295429
295430
295431
295432
295433
295434
295436
295437
295438
295439
295440
295441
295442
295443
295444
295445
295446
295447
295448
295449
295450
295451
295452
295453
295454
295455
295456
295466
295467
295468
295469
295478
295479
295481
295482
295491
295492
295493
295494
295495
295496
295497
295498
301688
305633
305634
305635
305636
305637
305638
305639
305641
305642
305643
305644
305645
305646
305647
305648
305649
305650
305651
305652
305653
305654
305655
305656
305657
305658
305659
305660
305661
305663
305680
305681
305708
305709
305714
306302
309056
309057
309058
309059
309060
309061
309062
309063
309064
309065
309066
309067
309068
309069
309070
309071
309072
309073
309074
309075
309076
309077
309078
309079
309080
309081
309082
309083
309084
309085
309086
309087
309094
309095
309096
309097
309098
309099
309100
309101
309102
309103
309104
309105
309106
309107
309108
309109
309110
309111
309112
309120
309121
309122
309123
309124
309125
309126
309127
309128
309129
309130
309142
309143
309150
309151
309152
